 9.96686 52.4309 -9.54366
 9.97893 52.433 -9.55187
 9.97936 52.4271 -9.54749
 9.9815 52.4261 -9.55195
 9.99145 52.4245 -9.56337
 9.99085 52.4262 -9.56443
 9.99478 52.425 -9.56917
 9.98958 52.4263 -9.5675
 9.99373 52.4227 -9.57272
 9.98097 52.4264 -9.56486
 9.98266 52.426 -9.57414
 9.98159 52.4247 -9.57453
 9.99035 52.4296 -9.5818
 9.98795 52.4288 -9.58051
 9.97741 52.4302 -9.57273
 9.98241 52.4303 -9.58255
 9.97246 52.4296 -9.57764
 9.97969 52.4265 -9.58293
 9.97348 52.4235 -9.58174
 9.97511 52.4236 -9.58443
 9.9788 52.4261 -9.58665
 9.97668 52.4243 -9.58705
 9.97895 52.4293 -9.58564
 9.97142 52.4258 -9.58446
 9.96603 52.4346 -9.58289
 9.96181 52.4335 -9.58387
 9.97036 52.4315 -9.59009
 9.95745 52.4246 -9.57278
 9.9196 52.3785 -9.51116
 9.8905 52.351 -9.5039
 9.8603 52.3667 -9.52388
 9.85458 52.3562 -9.51752
 9.85589 52.3367 -9.5044
 9.86604 52.3054 -9.51176
 9.85798 52.3112 -9.50295
 9.86704 52.3172 -9.50441
 9.9043 52.3138 -9.52786
 9.93442 52.3181 -9.54235
 9.95294 52.3219 -9.54595
 9.9633 52.3234 -9.55066
 9.96534 52.3201 -9.54789
 9.95559 52.3161 -9.53723
 9.94898 52.2997 -9.53232
 9.96099 52.2552 -9.54809
 10.0051 52.2096 -9.5883
 10.057 52.1665 -9.62941
 10.087 52.1363 -9.64617
 10.1078 52.1166 -9.66226
 10.1268 52.1031 -9.67227
 10.1462 52.1145 -9.69685
 10.1632 52.1357 -9.71694
 10.1916 52.1708 -9.76303
 10.2226 52.2084 -9.81185
 10.2375 52.2417 -9.84111
 10.2442 52.2677 -9.85683
 10.2715 52.2871 -9.87423
 10.291 52.3051 -9.89738
 10.3131 52.3239 -9.92272
 10.3416 52.3442 -9.94745
 10.3798 52.3644 -9.98084
 10.429 52.3793 -10.0314
 10.4774 52.3901 -10.0779
 10.5104 52.3971 -10.1073
 10.4972 52.4007 -10.0902
 10.4948 52.4024 -10.0921
 10.4976 52.411 -10.0996
 10.5131 52.4219 -10.1145
 10.5213 52.4432 -10.1245
 10.5306 52.465 -10.1387
 10.532 52.4821 -10.1408
 10.5401 52.497 -10.152
 10.5438 52.5014 -10.1571
 10.539 52.5037 -10.1502
 10.5407 52.5113 -10.1513
 10.5393 52.5216 -10.1496
 10.5309 52.5259 -10.1441
 10.5315 52.5266 -10.1511
 10.5342 52.5162 -10.1462
 10.5448 52.5053 -10.1554
 10.5549 52.4987 -10.1587
 10.554 52.4953 -10.1586
 10.5492 52.498 -10.157
 10.5466 52.5042 -10.1592
 10.5505 52.5071 -10.1682
 10.5575 52.5085 -10.1731
 10.5643 52.5093 -10.1799
 10.5652 52.5135 -10.1823
 10.5731 52.5185 -10.1872
 10.5921 52.5226 -10.2047
 10.5854 52.5291 -10.2042
 10.5841 52.53 -10.2057
 10.5818 52.5326 -10.2085
 10.5789 52.5332 -10.2089
 10.5851 52.5313 -10.2092
 10.5912 52.5242 -10.2129
 10.5796 52.5276 -10.2053
 10.5732 52.5353 -10.2043
 10.5791 52.5325 -10.209
 10.5704 52.5304 -10.1993
 10.5696 52.5283 -10.1953
 10.5722 52.5267 -10.1987
 10.548 52.5322 -10.182
 10.5439 52.5289 -10.1768
 10.5383 52.5328 -10.1734
 10.5384 52.5261 -10.1669
 10.5416 52.5222 -10.1682
 10.5455 52.5243 -10.1692
 10.5442 52.5294 -10.1636
 10.5439 52.53 -10.1632
 10.5517 52.5288 -10.1681
 10.5646 52.5258 -10.1838
 10.5803 52.5255 -10.1924
 10.5892 52.5212 -10.1944
 10.5943 52.5272 -10.1925
 10.6053 52.5319 -10.1999
 10.6108 52.5341 -10.2055
 10.619 52.5339 -10.2158
 10.6289 52.5336 -10.2229
 10.635 52.542 -10.2287
 10.6453 52.5485 -10.2333
 10.6368 52.5514 -10.2256
 10.6338 52.5554 -10.2191
 10.6335 52.5507 -10.2185
 10.6353 52.5414 -10.2212
 10.6359 52.541 -10.2238
 10.6407 52.5342 -10.2291
 10.6432 52.5365 -10.2285
 10.6486 52.5317 -10.2313
 10.6539 52.5273 -10.2335
 10.6505 52.5238 -10.2302
 10.6592 52.521 -10.2344
 10.6629 52.5208 -10.2345
 10.6593 52.5183 -10.2273
 10.654 52.519 -10.2224
 10.6583 52.5229 -10.2281
 10.6465 52.5246 -10.221
 10.6527 52.5197 -10.2264
 10.6476 52.5212 -10.2234
 10.6383 52.5242 -10.2231
 10.6385 52.5286 -10.2283
 10.6389 52.5303 -10.2304
 10.6391 52.5308 -10.2295
 10.637 52.534 -10.2299
 10.6386 52.5337 -10.235
 10.6493 52.5342 -10.2481
 10.6388 52.5349 -10.2401
 10.645 52.542 -10.2475
 10.6409 52.5422 -10.246
 10.6491 52.5412 -10.2548
 10.6497 52.5391 -10.2544
 10.6555 52.5367 -10.256
 10.6488 52.5369 -10.2556
 10.65 52.5326 -10.2524
 10.6538 52.5347 -10.2549
 10.6584 52.5345 -10.2585
 10.645 52.5345 -10.2513
 10.6605 52.5281 -10.2666
 10.6613 52.5291 -10.2678
 10.6564 52.5287 -10.261
 10.656 52.5269 -10.2606
 10.6502 52.5309 -10.2588
 10.6566 52.5311 -10.2661
 10.657 52.5363 -10.2667
 10.6534 52.5335 -10.2618
 10.652 52.5355 -10.2569
 10.6508 52.5333 -10.2552
 10.6556 52.5313 -10.2563
 10.6518 52.5341 -10.2531
 10.6604 52.5356 -10.2629
 10.6616 52.5317 -10.2664
 10.6713 52.5332 -10.2764
 10.6739 52.5359 -10.2782
 10.6823 52.5303 -10.2872
 10.6743 52.5312 -10.2823
 10.6841 52.5297 -10.2907
 10.6819 52.5317 -10.2858
 10.6915 52.532 -10.2955
 10.6908 52.5329 -10.2935
 10.7042 52.5368 -10.3063
 10.6988 52.5377 -10.3019
 10.7085 52.5329 -10.3107
 10.7082 52.5312 -10.3153
 10.709 52.5334 -10.3203
 10.7067 52.5358 -10.3158
 10.699 52.5343 -10.307
 10.7004 52.5364 -10.305
 10.6945 52.5393 -10.2978
 10.6997 52.5409 -10.303
 10.6999 52.5401 -10.3036
 10.6929 52.5372 -10.3004
 10.6934 52.5383 -10.3036
 10.6889 52.5396 -10.298
 10.6923 52.5392 -10.2984
 10.6915 52.536 -10.2912
 10.6862 52.5383 -10.2896
 10.6876 52.5321 -10.297
 10.6783 52.5262 -10.2873
 10.6667 52.5156 -10.2694
 10.6811 52.4933 -10.2627
 10.6737 52.4742 -10.2581
 10.6764 52.4612 -10.2641
 10.7812 52.4548 -10.3607
 11.0176 52.4769 -10.5371
 11.4786 52.4954 -10.8697
 12.2972 52.4583 -11.4876
 13.6807 52.2854 -12.5214
 15.6838 51.9755 -14.0663
 18.3008 51.5225 -16.1013
 21.238 50.9408 -18.3695
 24.2383 50.2403 -20.5932
 26.9965 49.5024 -22.5405
 29.5366 48.7461 -24.2579
 32.0439 47.916 -25.8427
 34.5969 46.9974 -27.4013
 37.2487 45.9902 -29.0649
 39.9737 44.8578 -30.8117
 42.8809 43.5351 -32.6486
 45.9831 41.9992 -34.5297
 49.2106 40.2651 -36.4902
 52.368 38.3913 -38.3344
 55.5001 36.366 -40.143
 58.8652 34.0052 -42.0222
 61.8501 31.7013 -43.6441
 64.5592 29.3128 -45.0847
 66.7575 27.0888 -46.212
 68.6018 25.0629 -47.1974
 70.0088 23.3515 -47.9893
 71.1448 21.9098 -48.63
 72.0861 20.7397 -49.1407
 72.9715 19.7591 -49.5073
 73.783 18.9847 -49.7112
 74.5181 18.3881 -49.8304
 75.1046 17.9956 -49.8961
 75.5131 17.7773 -49.9474
 75.7993 17.6434 -50.0229
 75.9596 17.5945 -50.0964
 75.9575 17.6826 -50.1442
 75.7675 17.92 -50.1391
 75.3696 18.3386 -50.0659
 74.8663 18.8643 -49.9778
 74.3478 19.3779 -49.8619
 73.7777 19.9125 -49.7492
 73.0325 20.6204 -49.599
 72.1122 21.5151 -49.4037
 71.1043 22.4881 -49.151
 70.1046 23.4608 -48.8507
 69.0377 24.5142 -48.4776
 67.7391 25.7911 -47.8964
 66.2204 27.2446 -47.0804
 64.614 28.737 -46.0709
 63.0964 30.1306 -44.9922
 61.3385 31.6594 -43.6985
 59.1895 33.3815 -42.2633
 56.7749 35.1474 -40.7185
 53.9133 37.0452 -38.8209
 50.722 38.9388 -36.7209
 47.2684 40.7708 -34.5654
 43.454 42.618 -32.2774
 39.1404 44.5289 -29.6126
 34.5674 46.3458 -26.6987
 29.8304 48.0108 -23.4634
 24.921 49.5207 -19.9581
 19.907 50.8168 -16.4139
 15.0224 51.8342 -13.0175
 10.5746 52.533 -9.84581
 6.18352 53.017 -6.63431
 2.19983 53.3236 -3.64489
 -1.57416 53.4809 -0.776664
 -5.16701 53.5231 1.97157
 -8.56437 53.4273 4.62531
 -11.9014 53.1958 7.3441
 -15.3107 52.8487 10.2629
 -18.9938 52.3452 13.5116
 -22.5273 51.7243 16.7068
 -25.742 51.0182 19.6593
 -28.442 50.282 22.1737
 -30.8178 49.5329 24.4454
 -32.8461 48.8782 26.413
 -34.4701 48.3784 27.9764
 -35.8064 48.0015 29.2299
 -36.8889 47.7342 30.2245
 -37.8387 47.5267 31.0935
 -38.7249 47.3124 31.8609
 -39.4972 47.0746 32.5774
 -40.1533 46.8485 33.2573
 -40.6133 46.6646 33.7874
 -40.9336 46.5395 34.1563
 -41.21 46.4528 34.4191
 -41.4787 46.4034 34.6384
 -41.758 46.3806 34.7862
 -42.0544 46.3547 34.8521
 -42.3196 46.3407 34.8368
 -42.5137 46.3447 34.778
 -42.6682 46.3566 34.7418
 -42.7147 46.3919 34.6441
 -42.6413 46.4752 34.487
 -42.4318 46.6287 34.2662
 -42.0552 46.857 33.9624
 -41.5069 47.1604 33.5494
 -40.7685 47.53 33.033
 -39.8072 47.9907 32.3674
 -38.5878 48.5591 31.4403
 -36.9761 49.2353 30.19
 -34.932 49.9611 28.6634
 -32.5596 50.6732 26.9516
 -29.9804 51.3065 25.1068
 -27.239 51.8785 23.185
 -24.3238 52.4199 21.169
 -21.0512 52.9403 18.8859
 -17.5381 53.3719 16.3493
 -14.01 53.6743 13.7734
 -10.3614 53.8629 11.1066
 -6.73459 53.9705 8.45182
 -2.96373 54.0109 5.67371
 0.704508 53.996 2.97492
 4.40893 53.9157 0.226357
 7.80213 53.7717 -2.32905
 11.0876 53.5605 -4.80301
 14.1631 53.2867 -7.11001
 16.9999 52.9937 -9.19759
 19.3934 52.7262 -10.9298
 21.3606 52.4858 -12.4178
 22.9969 52.279 -13.652
 24.356 52.1051 -14.6443
 25.3541 51.9991 -15.4392
 26.1128 51.9384 -16.1768
 26.61 51.9101 -16.7825
 26.7363 51.9192 -17.1325
 26.5667 51.946 -17.2729
 26.2786 51.9774 -17.3667
 25.8743 52.0243 -17.3736
 25.4338 52.0556 -17.2784
 24.9694 52.055 -17.0754
 24.4814 52.0436 -16.7607
 23.9749 52.0247 -16.3806
 23.5839 51.99 -16.0525
 23.2802 51.958 -15.7927
 23.011 51.9501 -15.5924
 22.8027 51.953 -15.4695
 22.7122 51.9492 -15.4493
 22.6679 51.9474 -15.4537
 22.6148 51.9459 -15.4349
 22.4887 51.9577 -15.3671
 22.2977 51.9708 -15.2682
 22.104 51.9816 -15.1873
 21.9493 51.968 -15.1461
 21.8148 51.9501 -15.1349
 21.6809 51.9332 -15.1393
 21.5313 51.9171 -15.1464
 21.4092 51.8875 -15.1613
 21.3254 51.8602 -15.1912
 21.2491 51.8294 -15.1969
 21.1909 51.806 -15.1899
 21.1641 51.7811 -15.1876
 21.1521 51.7661 -15.1683
 21.1074 51.7643 -15.1073
 21.0436 51.7731 -15.0377
 20.9648 51.7837 -14.9674
 20.8774 51.7906 -14.8839
 20.7964 51.7969 -14.8217
 20.7619 51.8192 -14.8169
 20.7619 51.8932 -14.8938
 20.7797 52.0467 -15.032
 20.8166 52.2901 -15.2008
 20.9119 52.6287 -15.4238
 21.0648 53.1109 -15.7098
 21.2878 53.7555 -16.0808
 21.5828 54.5795 -16.5513
 22.0294 55.6546 -17.1892
 22.7296 56.9203 -18.0889
 23.8066 58.4674 -19.4154
 25.2749 60.2053 -21.2041
 27.0744 61.9858 -23.3369
 29.1464 63.8303 -25.6543
 31.7019 65.8176 -28.409
 34.8631 67.8774 -31.7042
 39.0298 70.1041 -35.9934
 44.4118 72.4456 -41.4608
 51.0025 74.7013 -48.0573
 59.307 76.7318 -56.3402
 69.7569 78.3649 -66.8564
 81.7674 79.4452 -79.0119
 94.6382 79.9683 -92.0077
 106.813 79.9036 -104.355
 117.252 79.3585 -115.052
 125.005 78.546 -123.065
 130.5 77.6568 -128.86
 134.701 76.7677 -133.437
 137.566 75.9849 -136.652
 139.543 75.2845 -138.957
 140.718 74.6992 -140.466
 141.264 74.2359 -141.34
 141.433 73.9328 -141.785
 141.199 73.7965 -141.73
 140.606 73.7776 -141.207
 139.743 73.8542 -140.32
 138.54 74.0055 -139.033
 136.856 74.2587 -137.238
 134.709 74.6211 -134.978
 132.032 75.084 -132.229
 128.645 75.6687 -128.796
 124.993 76.3266 -125.146
 120.77 77.0675 -120.953
 115.779 77.8586 -115.935
 109.806 78.6174 -109.92
 102.692 79.2831 -102.772
 94.7876 79.8017 -94.7813
 86.4018 80.1282 -86.2295
 77.6161 80.0831 -77.2282
 68.7647 79.5752 -68.11
 61.042 78.8047 -60.112
 54.3204 77.9516 -53.2344
 47.8983 77.0134 -46.7767
 41.9841 75.8467 -40.738
 36.9419 74.4199 -35.4998
 32.7559 72.7788 -31.1415
 29.3919 71.0209 -27.6348
 26.5339 69.1209 -24.6506
 24.0732 67.1524 -22.1136
 21.8748 65.2564 -19.9904
 19.885 63.4292 -18.1961
 18.2315 61.7981 -16.7775
 17.0134 60.4165 -15.8054
 16.1374 59.292 -15.2249
 15.6303 58.4498 -15.0439
 15.4138 57.8914 -15.1143
 15.3222 57.6041 -15.2448
 15.2196 57.5251 -15.3395
 15.0344 57.5733 -15.2949
 14.7883 57.6523 -15.0554
 14.5235 57.719 -14.6908
 14.322 57.7578 -14.3168
 14.1703 57.7819 -13.9637
 14.0116 57.785 -13.6063
 13.8873 57.7747 -13.2986
 13.8057 57.7547 -13.0885
 13.7614 57.7463 -12.9816
 13.7372 57.7462 -12.9479
 13.6975 57.7458 -12.9031
 13.6352 57.7502 -12.8299
 13.5909 57.7596 -12.764
 13.5397 57.781 -12.6847
 13.485 57.7955 -12.5904
 13.3984 57.7738 -12.4388
 13.2596 57.6983 -12.207
 13.0553 57.5482 -11.8955
 12.7497 57.2842 -11.4645
 12.3717 56.8821 -10.9538
 11.9088 56.305 -10.3453
 11.3608 55.518 -9.67938
 10.7997 54.5259 -9.0245
 10.3035 53.3559 -8.43778
 9.81357 51.9706 -7.84075
 9.41619 50.3966 -7.3168
 9.13795 48.6013 -6.90061
 9.00642 46.5847 -6.61864
 8.9088 44.3671 -6.40145
 8.79662 42.1206 -6.27035
 8.63182 39.5918 -6.17985
 8.434 36.9246 -6.12377
 8.22217 34.323 -6.12665
 8.03796 31.6311 -6.09786
 7.82313 28.8771 -5.97594
 7.58044 26.2043 -5.8077
 7.33946 23.4315 -5.50011
 7.16541 20.6773 -5.00592
 6.98409 17.8141 -4.31014
 6.88165 15.0013 -3.56317
 6.81014 12.3736 -2.83512
 6.81235 10.0486 -2.19482
 6.85021 8.10338 -1.74912
 6.93375 6.50819 -1.56666
 7.04204 5.18026 -1.54881
 7.12999 4.03581 -1.60818
 7.18111 2.95425 -1.70467
 7.18795 1.85541 -1.76993
 7.1419 0.853912 -1.76716
 7.02831 -0.071089 -1.70909
 6.85092 -0.902314 -1.65976
 6.6762 -1.60175 -1.66607
 6.55556 -2.06282 -1.71577
 6.54574 -2.25738 -1.75833
 6.61268 -2.23261 -1.82501
 6.70556 -2.04968 -1.89384
 6.79953 -1.69998 -1.93039
 6.87251 -1.22518 -1.92715
 6.93651 -0.645978 -1.93825
 6.97943 0.0247912 -1.99264
 7.00253 0.866763 -2.07042
 7.02 1.86068 -2.17154
 7.02627 3.05722 -2.36866
 7.05206 4.50716 -2.63335
 7.1154 6.19818 -2.90144
 7.19725 8.08467 -3.22482
 7.33889 10.2892 -3.62488
 7.46979 12.5308 -4.01215
 7.51994 14.9155 -4.36765
 7.42719 17.3236 -4.68983
 7.26449 19.6202 -5.15623
 7.15017 21.9211 -5.78021
 6.97746 24.2843 -6.39436
 6.70265 26.5312 -6.90197
 6.52324 28.7161 -7.46746
 6.58325 30.8294 -8.12488
 6.79942 33.054 -8.70108
 7.06836 35.1182 -9.08193
 7.39442 37.1804 -9.44433
 7.75249 39.192 -9.73254
 8.05916 41.1796 -9.81843
 8.28605 43.0743 -9.79438
 8.58797 44.839 -9.87453
 8.98271 46.4536 -9.97943
 9.35619 47.9108 -10.0699
 9.6261 49.2942 -10.1421
 9.82144 50.6085 -10.2347
 9.93733 51.8069 -10.3274
 10.0559 52.9213 -10.4861
 10.2048 53.8947 -10.7064
 10.2985 54.7224 -10.8482
 10.1939 55.4116 -10.7502
 9.91042 55.941 -10.4554
 9.55194 56.3187 -10.0753
 9.16174 56.545 -9.66922
 8.78027 56.6553 -9.31695
 8.5407 56.6876 -9.17378
 8.45002 56.6692 -9.27153
 8.46946 56.6097 -9.53132
 8.52673 56.508 -9.8601
 8.59151 56.394 -10.188
 8.66285 56.2719 -10.4942
 8.78857 56.1614 -10.7811
 8.93151 56.0632 -10.9986
 9.03222 55.9852 -11.1406
 9.08119 55.9211 -11.1709
 9.13719 55.8449 -11.1543
 9.22774 55.7767 -11.1322
 9.28466 55.712 -11.0601
 9.27348 55.6511 -10.9491
 9.1855 55.6052 -10.7874
 9.07504 55.5657 -10.6535
 8.96155 55.523 -10.5402
 8.93863 55.4839 -10.5261
 9.00687 55.4438 -10.6057
 9.1072 55.4165 -10.7446
 9.19155 55.3976 -10.8736
 9.28719 55.3929 -10.9982
 9.3795 55.3842 -11.0948
 9.44228 55.3744 -11.1412
 9.47126 55.3727 -11.1684
 9.46599 55.3843 -11.1836
 9.45198 55.4074 -11.2004
 9.47687 55.4199 -11.2468
 9.52781 55.4138 -11.3027
 9.55795 55.3975 -11.3174
 9.54287 55.3684 -11.2941
 9.53236 55.3451 -11.2864
 9.55376 55.3206 -11.3048
 9.59694 55.3061 -11.3432
 9.64095 55.2964 -11.3797
 9.65169 55.2887 -11.3878
 9.65989 55.2969 -11.3862
 9.66816 55.304 -11.3731
 9.6644 55.3115 -11.3462
 9.63164 55.3174 -11.292
 9.59701 55.3185 -11.2256
 9.56998 55.3265 -11.1661
 9.54683 55.3283 -11.1104
 9.52449 55.3415 -11.0745
 9.51362 55.3545 -11.0646
 9.47772 55.372 -11.0601
 9.47732 55.3876 -11.097
 9.4856 55.3851 -11.1377
 9.48904 55.3768 -11.1637
 9.48728 55.3642 -11.1782
 9.5083 55.3448 -11.1961
 9.49147 55.3256 -11.1743
 9.45525 55.3099 -11.1315
 9.40682 55.3003 -11.088
 9.38785 55.2968 -11.0703
 9.38824 55.2968 -11.0604
 9.39036 55.307 -11.0453
 9.38283 55.3183 -11.0205
 9.35426 55.3434 -10.9752
 9.35278 55.371 -10.9576
 9.35362 55.3912 -10.9374
 9.35865 55.4074 -10.9185
 9.34737 55.4098 -10.8915
 9.35662 55.3925 -10.8986
 9.36006 55.3806 -10.9093
 9.35765 55.3722 -10.922
 9.36619 55.3697 -10.9485
 9.40634 55.3629 -10.9983
 9.41301 55.3616 -11.0079
 9.38062 55.3628 -10.9742
 9.33367 55.3671 -10.932
 9.3077 55.3728 -10.9112
 9.30926 55.376 -10.9112
 9.29035 55.3853 -10.8911
 9.24839 55.3891 -10.8586
 9.17764 55.3939 -10.8059
 9.09391 55.4002 -10.7437
 9.01528 55.4074 -10.6885
 8.96489 55.4082 -10.6474
 8.92622 55.4091 -10.5837
 8.88416 55.4069 -10.4812
 8.83046 55.4069 -10.3556
 8.7628 55.4149 -10.2119
 8.69246 55.4184 -10.0665
 8.64385 55.4213 -9.92484
 8.62499 55.4224 -9.80405
 8.62463 55.4223 -9.6962
 8.62789 55.4231 -9.57589
 8.63394 55.4286 -9.42945
 8.67499 55.4388 -9.30591
 8.73072 55.4544 -9.20926
 8.77525 55.467 -9.11019
 8.78271 55.4708 -9.00084
 8.77453 55.4711 -8.90629
 8.79904 55.466 -8.86614
 8.81883 55.4619 -8.85893
 8.83755 55.4541 -8.87603
 8.80908 55.4436 -8.85678
 8.74283 55.4289 -8.7909
 8.65786 55.4037 -8.64728
 8.55163 55.3672 -8.41582
 8.44384 55.3268 -8.08106
 8.33837 55.2923 -7.64056
 8.24999 55.2728 -7.08928
 8.15057 55.2597 -6.34976
 8.02179 55.251 -5.38851
 7.90898 55.2358 -4.22875
 7.88248 55.2102 -2.94424
 8.02352 55.2139 -1.55922
 8.2877 55.2366 -0.0136708
 8.41476 55.3043 1.84808
 8.17872 55.4353 4.31534
 7.68391 55.6141 7.293
 7.18136 55.8423 10.4203
 6.62475 56.1147 13.8301
 5.9923 56.3587 17.2794
 5.2619 56.5778 21.0132
 4.59616 56.8032 24.6917
 4.07163 57.0275 28.2006
 3.5677 57.2436 31.5941
 3.03383 57.4659 35.0803
 2.51421 57.6951 38.513
 2.02769 57.911 41.7786
 1.59282 58.0967 44.9336
 1.17975 58.228 48.0358
 0.814258 58.329 50.9274
 0.376513 58.3862 53.5678
 -0.163423 58.3934 56.069
 -0.722088 58.3535 58.3209
 -1.23073 58.3253 60.2399
 -1.71266 58.2979 61.899
 -2.14635 58.3002 63.294
 -2.46155 58.3128 64.3441
 -2.66348 58.3081 65.0861
 -2.80481 58.2791 65.5567
 -2.8878 58.2543 65.7573
 -2.97448 58.2706 65.7698
 -3.04574 58.3207 65.6167
 -3.09304 58.3711 65.3232
 -3.1185 58.4301 64.9057
 -3.11909 58.5165 64.2996
 -3.08914 58.5955 63.4606
 -2.97436 58.6749 62.3473
 -2.7623 58.7363 61.0264
 -2.46985 58.7568 59.5046
 -2.19594 58.7102 57.7616
 -1.90359 58.6623 55.7624
 -1.49907 58.6905 53.4644
 -0.946068 58.8295 50.7857
 -0.209809 59.066 47.8332
 0.713946 59.2698 44.645
 1.69848 59.4222 41.4542
 2.70386 59.5241 38.0015
 3.94503 59.5625 34.1748
 5.38316 59.4987 30.0711
 6.75793 59.3541 26.1131
 7.98333 59.0968 22.0292
 8.89854 58.747 18.1793
 9.6578 58.3568 14.3354
 10.1887 57.9748 10.7219
 10.2924 57.6102 7.68993
 10.0287 57.2265 5.10687
 9.6902 56.8658 2.97081
 9.43217 56.5398 1.0847
 9.34068 56.2572 -0.5555
 9.33097 56.0251 -1.78997
 9.22354 55.9095 -2.5412
 8.94387 55.9277 -2.95844
 8.58332 56.0267 -3.18391
 8.21583 56.1306 -3.34779
 7.90746 56.2256 -3.52925
 7.73775 56.2902 -3.81393
 7.64359 56.3135 -4.10314
 7.56396 56.2857 -4.28032
 7.45266 56.2229 -4.33708
 7.30845 56.1444 -4.28308
 7.13125 56.0714 -4.14851
 7.02105 56.0107 -4.05063
 7.04223 55.9677 -4.09519
 7.14181 55.9276 -4.2759
 7.26639 55.8762 -4.56991
 7.42761 55.8084 -5.02789
 7.69275 55.7022 -5.72546
 8.03681 55.5306 -6.67953
 8.39267 55.2511 -7.89279
 8.72753 54.8411 -9.35362
 9.054 54.2746 -11.1072
 9.37813 53.5089 -13.2007
 9.73167 52.5784 -15.5702
 10.017 51.5085 -18.1901
 10.0745 50.443 -20.814
 9.87689 49.3912 -23.5013
 9.4908 48.3905 -26.136
 9.01019 47.433 -28.7727
 8.4466 46.4947 -31.4694
 7.74593 45.6463 -34.0383
 6.88999 44.9002 -36.4123
 5.86491 44.3025 -38.6746
 4.75152 43.9104 -40.8227
 3.62164 43.7064 -42.9104
 2.47764 43.6481 -45.0202
 1.32208 43.7071 -47.2389
 0.243556 43.8899 -49.4328
 -0.79041 44.1279 -51.5812
 -1.72414 44.2979 -53.5896
 -2.5097 44.4361 -55.4525
 -3.09764 44.581 -57.3362
 -3.62763 44.7814 -59.133
 -4.16117 45.0501 -60.8547
 -4.76589 45.3236 -62.463
 -5.37078 45.5616 -63.9602
 -5.87004 45.6994 -65.3583
 -6.26381 45.7625 -66.6043
 -6.55899 45.7846 -67.6733
 -6.79575 45.7985 -68.5491
 -7.01204 45.7853 -69.1022
 -7.14311 45.7049 -69.3303
 -7.1923 45.6025 -69.3597
 -7.19889 45.5125 -69.2526
 -7.18271 45.4762 -69.0494
 -7.14073 45.5001 -68.7672
 -7.06284 45.5399 -68.408
 -6.92285 45.5424 -67.9519
 -6.70487 45.5018 -67.3757
 -6.35882 45.4346 -66.6774
 -5.89905 45.3565 -65.7974
 -5.37084 45.2695 -64.6782
 -4.74346 45.1154 -63.3102
 -3.97311 44.8887 -61.7553
 -3.09324 44.6688 -60.1176
 -2.07927 44.5528 -58.2175
 -1.04985 44.667 -56.223
 -0.0154391 44.9503 -54.2617
 1.09049 45.2783 -52.3177
 2.28469 45.5673 -50.2749
 3.6028 45.7621 -48.2965
 4.99896 45.892 -46.1921
 6.33877 46.0647 -44.0138
 7.47335 46.3989 -41.5366
 8.31425 46.8952 -38.7394
 9.05274 47.4039 -36.0851
 9.82512 47.8527 -33.5967
 10.6564 48.2329 -31.4026
 11.4442 48.6528 -29.3569
 12.039 49.1634 -27.4047
 12.4775 49.7388 -25.4243
 12.8821 50.3018 -23.6686
 13.3828 50.8183 -22.2895
 13.959 51.3047 -21.196
 14.4119 51.7457 -20.207
 14.6299 52.1858 -19.1501
 14.5679 52.6471 -17.9563
 14.3568 53.0796 -16.7287
 14.1356 53.4459 -15.5912
 13.9401 53.7678 -14.5551
 13.7463 54.0484 -13.5987
 13.5665 54.2617 -12.7852
 13.3941 54.4364 -12.0518
 13.2203 54.5885 -11.4813
 13.0207 54.7158 -11.0489
 12.8867 54.8079 -10.8152
 12.863 54.8504 -10.7734
 12.8782 54.8599 -10.8165
 12.889 54.859 -10.8932
 12.9316 54.8585 -11.0422
 13.012 54.8649 -11.246
 13.1302 54.8777 -11.5037
 13.2415 54.9049 -11.7615
 13.3464 54.9365 -12.0104
 13.4452 54.965 -12.2303
 13.5462 55.0005 -12.4151
 13.672 55.0419 -12.5813
 13.7819 55.0946 -12.6923
 13.8389 55.1618 -12.7485
 13.8078 55.2453 -12.7301
 13.7533 55.321 -12.6942
 13.6892 55.3967 -12.6783
 13.5639 55.4621 -12.6457
 13.4193 55.5218 -12.6046
 13.297 55.5818 -12.6296
 13.1506 55.6451 -12.6708
 12.9588 55.6998 -12.6679
 12.6869 55.7473 -12.5816
 12.3367 55.7841 -12.3821
 11.9471 55.8243 -12.088
 11.5806 55.8799 -11.7845
 11.2583 55.9536 -11.5117
 11 56.0381 -11.2841
 10.8458 56.1091 -11.1383
 10.6934 56.1804 -11.0135
 10.4907 56.2627 -10.8565
 10.2949 56.3516 -10.7083
 10.1537 56.4375 -10.5988
 10.0438 56.5173 -10.4819
 9.92075 56.6074 -10.3197
 9.75336 56.7064 -10.1308
 9.53638 56.7968 -9.93036
 9.27114 56.8859 -9.69085
 8.93781 56.9769 -9.39956
 8.60135 57.068 -9.1369
 8.3791 57.1687 -8.99235
 8.203 57.2571 -8.91938
 8.03999 57.3351 -8.74057
 8.83543 57.2839 -9.39776
 9.30164 57.2665 -9.95782
 9.49527 57.2843 -10.2361
 9.41317 57.3254 -10.222
 9.19844 57.3958 -9.94873
 9.46951 57.4209 -9.98468
 9.58042 57.4636 -9.97433
 9.62686 57.508 -9.90832
 9.70913 57.5405 -9.87783
 9.92271 57.5547 -9.91954
 10.1362 57.5585 -10.0586
 10.282 57.5713 -10.2351
 10.473 57.5851 -10.4476
 10.6855 57.588 -10.6507
 10.8331 57.5601 -10.746
 10.9956 57.5271 -10.8312
 11.1795 57.4852 -10.9353
 11.3389 57.4444 -11.0463
 11.4333 57.406 -11.0967
 11.5257 57.3651 -11.1469
 11.5602 57.3174 -11.1582
 11.602 57.2781 -11.1936
 11.6618 57.2539 -11.2311
 11.7518 57.2525 -11.2898
 11.887 57.2859 -11.383
 12.0079 57.3291 -11.487
 12.0334 57.3354 -11.529
 11.9881 57.3353 -11.4856
 11.9283 57.3054 -11.4228
 11.8686 57.2991 -11.3736
 11.8748 57.3055 -11.3801
 11.9191 57.3225 -11.4209
 11.968 57.3276 -11.4638
 11.9696 57.3286 -11.4675
 11.945 57.3184 -11.4462
 11.926 57.3126 -11.4315
 11.918 57.3109 -11.4203
 11.9372 57.3149 -11.4371
 11.9566 57.3191 -11.4555
 11.9666 57.3153 -11.4678
 11.9536 57.3128 -11.4572
 11.9388 57.3068 -11.4462
 11.9281 57.2988 -11.4348
 11.9264 57.3099 -11.4396
 11.9374 57.3097 -11.449
 11.9477 57.3094 -11.4626
 11.9442 57.3055 -11.4609
 11.9358 57.3011 -11.4533
 11.9283 57.302 -11.4481
 11.9456 57.3072 -11.4622
 11.9632 57.3055 -11.4806
 11.9608 57.3065 -11.4789
 11.9604 57.3044 -11.481
 11.9392 57.3009 -11.4674
 11.9245 57.3041 -11.4592
 11.9162 57.3053 -11.4536
 11.921 57.3073 -11.4519
 11.927 57.3106 -11.4602
 11.9269 57.3109 -11.4619
 11.9199 57.3074 -11.4577
 11.9038 57.3047 -11.4502
 11.899 57.3058 -11.4424
 11.8841 57.3067 -11.4364
 11.892 57.3074 -11.4408
 11.897 57.3088 -11.4474
 11.9019 57.3076 -11.4536
 11.9167 57.3106 -11.469
 11.9135 57.3106 -11.4667
 11.9093 57.3075 -11.4633
 11.9169 57.3049 -11.4676
 11.9166 57.3068 -11.4703
 11.9162 57.3071 -11.4719
 11.9306 57.3071 -11.4891
 11.9276 57.3106 -11.4868
 11.9226 57.3026 -11.482
 11.9117 57.3062 -11.4739
 11.9148 57.3077 -11.4811
 11.9232 57.3061 -11.4865
 11.9399 57.3126 -11.5058
 11.9435 57.3108 -11.5145
 11.9336 57.3094 -11.5083
 11.9477 57.3094 -11.5205
 11.9345 57.3068 -11.5115
 11.9347 57.3033 -11.5089
 11.9422 57.3061 -11.5203
 11.9325 57.3073 -11.5166
 11.922 57.3124 -11.5112
 11.9109 57.312 -11.5028
 11.9094 57.3089 -11.5033
 11.896 57.3106 -11.4933
 11.8929 57.3155 -11.495
 11.8807 57.3119 -11.4833
 11.8811 57.3119 -11.4894
 11.8902 57.3119 -11.4969
 11.899 57.3139 -11.5051
 11.9013 57.3152 -11.5101
 11.9091 57.3161 -11.5175
 11.9032 57.3157 -11.5161
 11.8965 57.3158 -11.5132
 11.8908 57.3124 -11.5131
 11.8933 57.3129 -11.5178
 11.8879 57.3168 -11.518
 11.8834 57.3175 -11.5182
 11.8816 57.3128 -11.5178
 11.876 57.3106 -11.5176
 11.8816 57.3081 -11.5205
 11.8869 57.3097 -11.5273
 11.8881 57.3122 -11.5315
 11.8808 57.3124 -11.5244
 11.8772 57.3099 -11.5254
 11.8725 57.3062 -11.5261
 11.8757 57.3054 -11.5328
 11.8875 57.3064 -11.5496
 11.8865 57.3045 -11.5496
 11.897 57.3004 -11.5588
 11.8948 57.3004 -11.5572
 11.8808 57.3004 -11.5471
 11.8744 57.3021 -11.5471
 11.8729 57.2981 -11.5473
 11.8697 57.301 -11.5476
 11.8776 57.3009 -11.5536
 11.8765 57.3011 -11.5494
 11.8689 57.303 -11.5491
 11.8741 57.2969 -11.5571
 11.8723 57.2974 -11.5601
 11.8724 57.2983 -11.5633
 11.8796 57.3008 -11.5683
 11.889 57.2965 -11.5763
 11.8928 57.2995 -11.5826
 11.8845 57.2946 -11.5755
 11.8771 57.2978 -11.5731
 11.8781 57.3014 -11.5829
 11.8601 57.2978 -11.5688
 11.8563 57.3008 -11.5676
 11.864 57.2987 -11.5787
 11.867 57.2999 -11.5831
 11.8695 57.3007 -11.5847
 11.8698 57.3019 -11.5908
 11.8738 57.301 -11.5949
 11.865 57.3011 -11.5913
 11.8691 57.3011 -11.5982
 11.8631 57.2981 -11.5939
 11.866 57.3016 -11.6019
 11.8588 57.2986 -11.5959
 11.853 57.2993 -11.5925
 11.8594 57.2977 -11.6014
 11.8601 57.2963 -11.6056
 11.8568 57.2933 -11.6008
 11.8692 57.2941 -11.6114
 11.8669 57.2986 -11.6118
 11.8682 57.3002 -11.6194
 11.8638 57.2997 -11.6206
 11.8637 57.2999 -11.6229
 11.8685 57.2959 -11.6273
 11.8559 57.2984 -11.62
 11.8528 57.2988 -11.6219
 11.8477 57.2984 -11.6196
 11.8483 57.2998 -11.624
 11.8556 57.3001 -11.6311
 11.8515 57.3061 -11.6286
 11.851 57.3027 -11.6307
 11.847 57.3044 -11.6289
 11.8358 57.3033 -11.6187
 11.8344 57.3036 -11.6207
 11.8354 57.3084 -11.6203
 11.8419 57.3076 -11.6292
 11.8537 57.3102 -11.6404
 11.8504 57.3052 -11.6361
 11.8457 57.3058 -11.6334
 11.8508 57.3025 -11.6409
 11.8514 57.305 -11.6459
 11.8343 57.3051 -11.6341
 11.8311 57.3085 -11.6357
 11.8361 57.3098 -11.6414
 11.8434 57.3098 -11.6463
 11.8346 57.3082 -11.6397
 11.8335 57.3103 -11.6431
 11.8344 57.3102 -11.648
 11.8419 57.3036 -11.6489
 11.8474 57.3043 -11.6538
 11.8491 57.3068 -11.6556
 11.8559 57.3094 -11.6643
 11.8486 57.307 -11.6622
 11.8458 57.3034 -11.6607
 11.8375 57.3021 -11.6558
 11.8392 57.2999 -11.6624
